cn = 8.949
ce = 1.83
cp = 0.954
pn = 0.0022869056260077856
pe =  0.012939075662404063

After 50 more iterations...

cn = 8.71383
ce = 1.83057
cp = 0.95393322
pn = 0.002281826153929559
pe =  0.012941391208191674
